Sorting Performance In C++ built on Oct  2 2025 at 18:02:59
testBlockSort()
             0   1   2   3   4   5   6   7   8   9  10  11  12  13  14  15  \V/ 17  18  19  20  21  22  23  24  25  26  27  28  29  30  31
initially :  0   2   4   6   8  10  12  14  16  18  20  22  24  26  28  30   1   3   5   7   9  11  13  15  17  19  21  23  25  27  29  31
randomized:  0   1   3   5   6   8  10  11  12  13  14  15  23  24  28  31   2   4   7   9  16  17  18  19  20  21  22  25  26  27  29  30
             0   1   2   3   4   5   6   7   8   9  10  11  12  13  14  15  \V/ 17  18  19  20  21  22  23  24  25  26  27  28  29  30  31
             0   1   3   5   6   8  10  11  12  13  14  15  23  24  28  31   2   4   7   9  16  17  18  19  20  21  22  25  26  27  29  30
           |A             ||A             ||A             ||A             ||             B||             B||             B||             B|
sorted    :  0   1   2   3   4   5   6   7   8   9  10  11  12  13  14  15  16  17  18  19  20  21  22  23  24  25  28  31  26  27  29  30

BlockSort failed [27] = 23 vs [28] = 25
ERROR: function testBlockSortSort() returns FALSE
